256
119
35
600
1144
234
70
75
102
420
120
650
500
146
160
180
123
60
433
60
152
430
130
85
150
180
120
380
350
350
130
59
49
275
75
290
200
91
91
91
63
53
95
250
290
160
150
250
105
275
120
125
450
90
25
200
400
45
117
245
115
115
129
132
200
141
292
306
211
145
70
450
31
464
77
42
100
800
800
125
250
348
31
31
31
31
86
110
614
275
94
400
250
250
64
70
45
75
168
59
243
116
120
140
100
254
55
180
170
45
80
75
75
99
75
95
116
69
50
165
80
140
354
89
475
230
150
383
96
96
150
100
99
59
70
90
89
72
235
604
385
103
1029
80
142
106
261
136
110
129
500
46
57
69
168
300
126
110
275
250
121
74
92
92
374
374
250
98
198
275
116
180
195
395
111
192
213
353
145
300
180
80
51
180
329
62
200
115
250
78
65
100
136
165
293
110
295
75
86
185
70
180
59
34
79
206
80
207
592
126
329
250
75
160
200
62
128
130
200
62
93
59
757
200
40
185
80
250
90
174
119
90
300
200
90
70
42
200
100
104
706
300
100
88
76
42
70
250
300
183
61
63
393
215
150
130
103
51
46
85
80
65
235
417
98
98
98
59
102
87
90
64
59
75
187
250
90
295
120
110
296
388
65
300
700
296
360
300
185
155
60
109
83
73
117
170
100
180
65
115
75
200
146
238
44
112
180
300
154
180
95
154
90
281
94
95
345
185
300
990
149
80
200
1035
75
200
219
39
90
65
81
600
583
130
243
359
239
310
190
286
199
79
418
145
130
60
454
130
179
150
225
111
69
124
250
71
241
656
130
241
185
140
55
100
104
114
100
150
190
100
150
650
190
198
60
286
251
407
49
120
175
69
140
125
140
97
128
85
90
71
500
90
69
74
118
45
120
91
176
400
65
160
241
540
73
60
66
55
75
82
100
106
120
120
159
50
120
124
236
80
99
117
87
568
88
80
65
60
210
300
300
96
196
159
154
140
244
90
135
59
100
120
184
124
250
105
280
315
290
220
185
190
96
1430
212
200
99
120
220
300
120
114
55
764
465
230
60
159
146
135
50
257
87
170
274
72
81
120
180
85
45
90
450
85
100
146
273
59
50
400
220
70
210
210
206
156
179
301
110
94
77
150
280
857
279
191
37
286
110
85
701
505
757
757
561
1149
505
449
519
449
126
364
334
85
64
110
110
82
125
66
150
235
894
79
69
350
45
101
57
190
172
90
81
150
800
146
129
200
400
100
70
275
321
285
130
90190
110
120
166
593
115
65
125
129
133
250
89
110
150
176
170
300
568
175
100
150
70
75
75
165
165
65
150
110
120
400
119
300
120
264
55
345
295
60
113
460
291
109
41
146
80
120
305
61
137
1923
30
119
210
84
80
213
150
121
70
200
96
82
180
200
180
50
115
113
45
150
95
350
360
265
55
120
98
300
97
93
55
67
70
88
101
210
135
80
165
160
52
130
61
150
89
80
79
50
106
104
90
140
240
85
240
450
144
140
200
258
200
59
100
133
500
80
40
40
40
150
250
90
125
350
105
130
313
95
89
430
200
215
1177
1177
1177
1177
1177
1177
1177
1177
1177
1177
1177
1177
1177
1177
49
280
75
350
55
68
407
46
45
380
69
76
125
250
87
400
95
295
256
198
95
140
250
312
102
107
127
225
150
180
116
350
155
300
150
156
101
34
22
60
60
1177
339
37
105
120
900
120
140
120
1387
220
150
150
150
300
675
52
150
92
150
280
219
200
236
150
150
150
150
150
150
150
150
150
150
150
140
200
71
50
14
180
55
84
465
190
80
250
99
280
420
70
90
43
75
631
70
84
92
353
353
228
180
1177
37
273
79
200
130
140
45
1177
80
93
118
130
151
234
200
150
123
450
91
66
300
250
349
177
95
68
800
295
553
1177
175
182
329
176
136
136
155
205
1177
390
300
60
130
124
771
71
97
65
121
264
77
264
327
200
43
75
285
200
70
150
340
342
340
300
349
175
324
323
334
10
10
408
348
551
367
10
271
335
10
429
280
271
301
95
94
30
135
170
687
55
139
105
118
118
118
600
196
825
212
137
30
171
150
180
1243
154
187
174
132
190
175
169
230
85
300
100
200
100
115
150
275
85
37
121
140
171
1961
146
125
87
59
433
70
100
74
338
70
275
1235
89
57
111
86
69
67
543
69
73
715
200
152
75
109
100
175
210
50
365
76
100
229
57
80
274
251
2500
119
80
364
394
405
430
336
329
385
381
575
521
411
481
452
474
505
405
524
751
417
330
419
10
10
367
10
264
470
350
104
91
70
87
62
120
290
83
71
120
59
117
10
28
10
192
210
98
75
815
135
211
279
78
371
260
180
62
68
79
66
100
180
60
63
59
102
1235
48
386
140
146
60
480
183
500
180
376
142
375
300
190
45
72
53
31
45
45
50
40
128
70
60
150
169
132
140
88
109
163
166
75
121
208
483
191
276
57
57
57
162
57
57
167
400
92
48
59
110
118
110
90
98
57
127
450
90
224
283
45
55
130
106
106
90
90
90
100
350
75
411
1100
221
150
193
386
300
202
281
150
346
342
125
99
786
402
90
500
375
500
500
500
500
125
150
263
894
114
177
136
162
157
171
179
50
365
114
80
150
233
253
265
231
204
428
234
80
125
92
221
125
234
88
67
349
100
140
94
350
44
131
375
200
150
200
281
294
118
60
140
160
70
120
1500
97
135
148
158
330
123
200
60
373
130
166
90
67
61
86
100
600
123
125
80
200
81
205
150
250
103
99
79
79
79
158
50
45
61
64
80
321
317
67
287
193
118
118
65
200
100
174
149
352
162
126
180
188
250
35
280
150
510
277
90
90
84
150
130
120
1177
100
100
105
66
55
45
250
99
248
144
45
60
150
90
35
49
93
100
299
250
500
218
155
124
124
85
65
96
86
60
155
155
155
234
83
155
155
155
155
111
124
102
70
350
35
100
94
163
141
200
165
45
75
108
120
80
200
130
1169
241
111
111
89
1245
80
132
50
150
48
146
106
105
400
680
70
150
81
135
200
120
500
64
64
116
120
181
135
150
64
84
151
328
701
127
164
291
250
1159
253
300
58
69
69
69
200
80
86
190
72
1177
105
121
45
64
159
56
120
190
149
825
70
150
59
309
33
95
730
160
120
54
150
120
118
126
70
221
274
266
60
165
165
95
100
120
340
150
65
131
200
135
98
114
90
83
300
112
89
83
70
90
90
321
95
310
135
341
55
73
140
80
111
250
500
48
160
120
100
321
220
103
321
63
204
53
62
164
141
300
300
250
2650
204
250
153
132
53
154
253
137
51
150
250
293
144
255
150
490
199
2071
2517
1381
6669
192
2003
999
1545
2144
5126
1785
2014
3773
2393
1903
1443
974
2664
2025
1635
2025
2246
1590
955
3787
3564
3167
1732
4250
4888
3787
1635
1607
1732
1460
1635
2316
2393
3233
1545
581
1188
1607
5996
3167
1782
3805
583
2517
2745
1545
494
2135
2724
109
99
109
312
109
50
79
96
41
495
61
80
210
90
94
240
149
290
551
1000
150
109
300
200
204
130
65
64
200
236
105
83
83
200
306
200
202
238
195
133
199
345
66
78
92
673
100
130
129
120
742
290
266
740
81
56
36
275
275
64
200
211
1581
175
200
128
108
10
110
616
638
832
605
861
130
120
95
200
177
759
792
817
1040
181
92
430
700
200
83
275
300
268
86
595
133
200
89
349
190
220
74
406
1177
159
188
1140
323
415
550
95
126
150
70
102
106
380
167
87
140
220
200
102
65
800
116
525
100
210
85
960
70
579
65
2200
600
250
97
188
181
182
149
70
60
371
121
51
389
750
150
150
182
175
75
399
200
216
280
250
315
350
182
280
59
189
84
230
121
290
131
84
400
84
774
157
110
260
120
90
300
70
70
71
72
70
71
275
90
2282
54
100
136
200
235
519
147
350
128
201
150
180
490
414
253
180
380
63
150
105
70
200
230
32
110
56
178
138
107
53
85
185
394
89
84
65
166
420
345
59
361
345
345
345
345
321
345
345
428
221
184
295
180
726
408
357
50
130
273
175
339
95
1514
1503
1590
1566
283
1583
1531
1551
1583
1591
385
93
350
185
150
572
112
146
68
60
102
139
94
300
89
395
300
250
144
180
99
87
93
86
101
150
84
132
161
150
140
75
138
100
59
251
256
75
134
101
152
189
295
275
275
147
341
120
99
96
256
110
390
314
360
89
172
130
270
177
180
203
120
307
110
361
384
307
428
130
70
277
120
320
85
104
200
200
200
198
236
114
1000
73
130
200
360
180
80
120
90
304
500
105
620
110
500
114
236
236
236
482
76
236
236
100
124
210
210
300
320
320
340
9439
962
77
1177
60
200
175
450
100
290
160
110
164
402
198
98
130
175
175
373
175
64
121
120
113
165
3138
50
89
114
94
44
410
223
149
62
285
110
61
500
91
500
78
171
1000
90
1000
400
120
150
208
250
200
131
230
120
1177
1177
1177
1177
35
119
700
126
1000
175
130
95
122
30
345
240
124
150
114
65
111
1581
500
165
59
59
35
157
131
262
110
130
130
73
75
78
159
59
550
412
118
131
163
80
486
159
649
151
216
216
396
150
100
117
174
162
81
80
85
500
151
83
100
64
6065
69
145
162
282
100
106
226
230
157
515
343
102
600
157
209
95
97
88
190
223
950
161
1159
145
175
80
80
92
150
90
400
117
82
131
80
90
133
90
163
133
125
316
319
285
210
295
288
155
266
163
58
143
87
99
250
87
108
320
112
139
89
157
143
116
100
100
70
130
130
213
1177
124
157
1343
146
122
59
77
65
115
98
80
78
1177
200
101
592
265
300
87
92
129
136
230
109
281
200
150
92
72
76
155
113
150
181
225
143
199
112
98
99
142
402
417
227
76
172
134
330
324
142
217
399
69
100
180
200
74
166
200
145
120
108
1177
285
205
205
89
98
102
180
110
80
72
54
172
169
159
207
207
172
142
200
136
150
227
172
152
169
118
152
122
110
94
94
106
109
410
319
80
210
114
250
80
1177
150
193
115
94
85
120
170
86
130
60
280
136
68
55
130
391
69
1177
120
327
101
280
80
90
101
133
143
65
90
111
325
90
245
143
345
160
296
85
75
149
200
130
134
97
350
500
165
1177
150
110
60
389
118
167
56
94
300
360
142
230
85
183
129
122
120
93
120
400
94
78
70
87
140
64
111
280
95
150
75
500
77
122
120
1274
86
306
90
154
101
100
89
65
87
87
106
90
50
53
150
86
400
394
393
89
295
177
102
93
122
75
87
2924
2943
2930
9999
2948
71
63
60
170
169
120
137
100
234
179
132
100
230
386
166
130
91
83
69
50
324
112
105
128
180
48
94
264
92
631
100
105
133
77
390
144
300
90
227
80
368
90
75
1159
325
260
500
436
350
140
150
105
250
205
300
210
60
39
39
85
111
127
255
124
250
129
110
120
1133
205
78
320
120
90
125
300
300
300
129
209
182
150
133
70
125
1177
1100
306
75
56
180
220
2400
950
115
350
136
150
115
850
41
101
143
193
104
100
235
100
244
61
100
240
105
105
116
278
60
130
360
150
105
169
210
111
85
110
351
98
72
230
160
73
170
160
50
129
1133
166
81
187
74
96
65
41
60
150
220
137
450
131
333
105
95
54
289
138
390
366
93
89
150
230
100
100
79
575
120
300
190
212
158
60
91
129
99
180
40
136
69
74
141
274
208
152
120
50
89
244
137
325
414
145
50
200
141
130
96
73
249
132
518
79
118
396
71
45
44
124
188
271
236
38
40
43
43
45
84
80
140
114
78
55
95
288
450
273
68
90
52
279
60
1590
1666
64
125
160
91
230
70
937
110
138
144
150
121
500
206
150
82
883
253
154
81
316
324
127
230
309
309
200
249
144
50
111
80
1690
248
205
360
1700
53
225
89
190
79
107
135
115
90
200
100
191
1607
90
23386
106
109
109
115
150
142
102
146
125
112
150
157
1635
4305
4056
4378
1941
3830
2732
2042
1666
2705
80
113
113
137
99
99
102
113
512
89
113
99
87
81
113
99
150
192
36
433
1000
17
184
110
175
89
56
66
115
180
158
70
193
138
105
157
85
260
238
120
143
136
223
102
187
328
500
725
60
121
533
153
112
124
63
345
400
323
436
99
3650
74
140
86
84
115
359
145
175
150
175
130
261
143
125
150
150
55
550
323
116
150
341
230
79
196
362
372
318
1635
100
213
137
274
131
8103
650
94
60
341
90
131
120
70
550
226
200
800
174
160
450
68
904
246
198
386
320
39
90
61
121
600
100
159
60
200
300
258
100
106
106
105
105
218
529
106
106
97
108
99
354
85
130
64
69
191
200
250
89
180
144
39
101
150
172
135
128
400
144
114
200
85
95
95
54
90
114
104
72
95
203
120
380
55
223
175
51
75
45
75
190
150
150
150
86
139
136
350
325
618
111
91
750
150
145
50
77
74
122
75
67
68
230
96
165
120
100
105
50
131
120
39
65
107
189
144
960
92
65
89
124
83
70
86
177
210
77
106
60
120
160
133
111
170
95
39
78
174
286
144
135
135
95
133
250
600
39
39
219
71
160
158
169
66
95
135
122
120
120
223
289
220
94
286
59
80
240
234
99
118
129
272
194
2276
2042
275
1782
1805
211
150
278
406
76
120
150
155
83
322
145
207
200
8103
850
100
8103
115
77
151
72
97
172
91
158
114
183
65
88
65
59
50
55
80
109
450
59
126
152
295
999
42
59
286
45
136
335
999
999
260
126
195
77
115
65
204
81
257
285
55
121
618
211
79
135
59
116
100
145
80
160
190
139
51
353
100
100
111
50
87
215
148
185
100
123
100
100
380
309
270
220
82
480
100
121
96
66
400
250
400
100
80
190
126
211
120
65
660
93
60
102
498
106
179
350
561
100
500
99
442
41
65
80
110
68
471
160
77
66
80
250
60
180
67
110
235
433
76
150
223
306
300
160
95
1177
1177
1177
68
60
60
137
95
100
400
68
81
169
45
60
98
180
430
419
223
180
120
480
146
76
145
120
84
200
125
180
224
143
110
129
190
120
450
400
89
63
720
200
190
75
295
70
196
126
139
89
172
330
163
130
360
150
196
960
269
109
189
87
76
100
143
100
172
150
250
97
280
124
210
168
101
743
158
240
70
77
450
200
82
160
224
130
117
266
266
265
531
367
2841
460
878
353
246
86
270
87
410
63
160
110
400
100
80
354
324
180
240
141
100
65
180
280
95
250
169
8119
160
999
129
276
175
90
40
250
95
82
160
146
220
108
1445
100
300
61
141
400
45
136
146
141
39
134
150
65
230
614
240
195
90
108
40
184
50
95
125
247
50
45
50
50
148
70
461
52
88
219
321
361
291
273
75
41
150
60
185
180
63
61
426
91
52
52
87
76
65
115
63
163
172
269
180
114
39
117
50
252
298
237
216
125
254
100
57
81
86
145
240
70
339
110
350
18
102
192
250
93
454
605
54
218
248
250
231
412
75
122
30
200
376
520
152
155
300
526
550
454
737
79
150
163
218
24
180
647
55
479
999
140
46
125
105
233
164
1000
77
69
100
2014
363
54
74
171
190
65
100
100
140
305
125
67
110
99
271
470
195
78
71
155
630
498
505
537
100
1118
38
110
79
70
80
70
103
70
70
65
70
70
195
148
148
597
618
220
118
118
87
58
137
54
51
110
99
81
80
54
413
100
101
102
110
70
181
124
67
117
71
41
517
492
538
538
401
85
70
136
100
562
47
96
1235
1235
517
370
189
150
1460
664
134
65
419
79
108
99
474
100
75
70
70
80
70
67
70
109
482
253
235
1000
1000
233
100
233
80
126
102
272
91
109
245
246
452
431
148
261
105
364
275
84
40
88
63
221
109
262
100
150
168
2000
650
575
92
94
161
66
40
90
62
333
91
167
115
93
87
99
94
808
144
65
120
108
189
50
150
37
120
140
50
75
157
80
370
259
44
420
260
2700
260
260
270
67
822
140
167
135
100
112
192
126
273
79
117
100
110
205
60
600
1000
70
86
96
151
60
150
337
150
421
76
543
548
345
70
80
235
208
1439
444
727
274
391
300
49
88
95
133
596
370
114
117
178
145
140
98
176
107
368
85
85
315
240
259
126
115
54
355
176
140
130
117
114
156
224
104
104
92
135
240
79
79
79
79
79
56
1000
160
199
39
130
168
74
388
108
118
92
900
58
388
67
68
1000
487
1103
160
192
98
119
399
1638
1638
1638
1638
1736
1736
1736
1736
1736
85
146
160
38
119
95
180
600
600
79
440
447
2000
1365
742
207
300
200
60
200
225
131
595
2251
960
1008
102
200
120
281
90
1388
1388
1388
1388
194
126
1817
177
140
95
294
120
350
273
101
144
141
143
215
100
206
101
63
105
115
213
177
84
